exp_0,1,经验怪-0阶,0,5,10,10,10000;
exp_1,1,经验怪-1阶,1,10,20,20,20000;
exp_2,1,经验怪-2阶,2,20,40,40,40000;
exp_3,1,经验怪-3阶,3,40,80,80,80000;
exp_4,1,经验怪-4阶,4,80,160,160,160000;
exp_5,1,经验怪-5阶,5,160,320,320,320000;

rune_0,2,符文怪-0阶,0,5,10,10,10000;
rune_1,2,符文怪-1阶,1,10,20,20,20000;
rune_2,2,符文怪-2阶,2,20,40,40,40000;
rune_3,2,符文怪-3阶,3,40,80,80,80000;
rune_4,2,符文怪-4阶,4,80,160,160,160000;
rune_5,2,符文怪-5阶,5,160,320,320,320000;

dragonborn_0,3,龙裔怪-0阶,0,5,10,10,10000;
dragonborn_1,3,龙裔怪-1阶,1,10,20,20,20000;
dragonborn_2,3,龙裔怪-2阶,2,20,40,40,40000;
dragonborn_3,3,龙裔怪-3阶,3,40,80,80,80000;
dragonborn_4,3,龙裔怪-4阶,4,80,160,160,160000;
dragonborn_5,3,龙裔怪-5阶,5,160,320,320,320000;

monstersoul_0,4,兽魂怪-0阶,0,5,10,10,10000;
monstersoul_1,4,兽魂怪-1阶,1,10,20,20,20000;
monstersoul_2,4,兽魂怪-2阶,2,20,40,40,40000;
monstersoul_3,4,兽魂怪-3阶,3,40,80,80,80000;
monstersoul_4,4,兽魂怪-4阶,4,80,160,160,160000;
monstersoul_5,4,兽魂怪-5阶,5,160,320,320,320000;